0,454
54,4
54,3
54,2
54,1
54,0
0,453
53,5
53,4
53,3
53,2
53,1
53,0
52,4
52,3
52,2
52,1
52,0
0,452
0,451
0,450
0,449
0,448
0,447
0,446
0,445
0,444
0,443
0,442
0,441
0,440
0,439
51,4
51,3
51,2
0,438
51,1
51,0
0,437
0,436
0,435
0,434
0,433
50,4
50,3
50,2
0,432
50,1
50,0
49,4
49,3
49,2
0,431
49,1
49,0
0,430
0,429
0,428
0,427
0,426
0,425
0,424
0,423
0,422
0,421
0,420
0,419
0,418
0,417
0,416
0,273
0,270
48,4
48,3
48,2
0,415
48,1
48,0
41,35
0,414
0,413
0,412
0,411
0,410
47,3
47,2
0,409
47,1
47,0
0,408
0,407
0,406
46,3
46,2
0,405
46,1
46,0
0,404
0,403
0,402
0,401
45,5
45,4
45,3
45,2
45,1
45,0
44,4
